1.5             
2.75             
3.0             
4.25             
4.45             
5.15             
5.10             
6.0             
7.85             
8             
9.5             
10            
11.5            
12.75            
13.0            
14.25            
15.15            
16,0            
17.85            
18            
19.5            
20            
21.5            
22.75            
23.0            
24.25            
25.15            
26,0            
27.85            
28            
29.5            
30            
33.0            
41.5            
42.75            
50.5            
132.75           
133.0         
5
100
1
0.1
0.5
10
10.25
4
45
200
23
30.5
40.5
6.75
40
20
900
2
23
67
34
0.4
0.6
0.8
0.7
1.1
0.9
0.57
0.75
0.68
1.2
1.4
0.2
12
50
0.25
7.5