18            
0.4
16,0            
13.0            
16,0            
25.15            
0.8
10.25
13.0            
16,0            
50
9.5             
12.75            
25.15            
1.2
12
6.0             
40
45
0.25
50.5            
15.15            
30            
50.5            
12.75            
2
42.75            
23
0.8
50
20
200
0.7
24.25            
25.15            
50.5            
26,0            
10            
3.0             
13.0            
1.4
26,0            
1
40
41.5            
1.5             
200
1.4
23.0            
7.5
0.2
7.85             
0.1
12.75            
0.1
13.0            
14.25            
1.5             
8             
19.5            
40.5
26,0            
34
27.85            
0.4
14.25            
0.75
0.1
900
41.5            
900
23
0.68
22.75            
2.75             
24.25            
900
40.5
4.45             
5.10             
4
4.45             
29.5            
0.68
30.5
0.2
0.7
5
3.0             
34
18            
40
7.85             
0.6
1.5             
133.0         
6.75
132.75           
10.25
13.0            
21.5            
2.75             
7.85             
20            
9.5             
24.25            
33.0            
0.75
0.7
0.7
0.1
12
9.5             
1.2
9.5             
18            
0.68
22.75            
33.0            
6.0             
15.15            
23
14.25            
26,0            
100
10
4.45             
30.5
4.45             
50.5            
3.0             
18            
30.5
23.0            
10.25
67
67
5.15             
15.15            
23
28            
0.5
0.25
0.4
18            
1.5             
30.5
21.5            
30.5
1.4
29.5            
2
8             
42.75            
0.57
18            
30            
11.5            
9.5             
27.85            
18            
0.1
0.7
11.5            
5
5
20            
40
40.5
50
26,0            
18            
0.9
2.75             
5.15             
42.75            
67
45
0.75
0.25
42.75            
2.75             
12.75            
5.15             
30            
132.75           
0.75
9.5             
20
18            
0.1
29.5            
67
133.0         
0.2
0.8
1
50.5            
0.6
10            
0.8
23
42.75            
67
13.0            
0.5
12
132.75           
100
0.75
14.25            
0.57
0.7
14.25            
10
1.4
25.15            
29.5            
1.1
132.75           
13.0            
0.1
133.0         
5.10             
12.75            
13.0            
0.75
5.10             
40.5
10.25
1.5             
6.75
1.2
1.5             
200
0.9
0.75
0.1
133.0         
5.15             
100
100
7.85             
1
900
20
10            
0.1
4.45             
5
6.75
14.25            
19.5            
40
0.75
25.15            
41.5            
9.5             
22.75            
0.75
67
22.75            
1.2
0.9
5
100
1.2
0.68
7.85             
0.68
0.9
23.0            
4.25             
6.0             
22.75            
133.0         
28            
0.5
5
13.0            
22.75            
41.5            
28            
132.75           
12
133.0         
0.9
6.75
8             
21.5            
7.5
24.25            
41.5            
0.9
11.5            
2
30.5
22.75            
0.8
6.75
26,0            
0.7
34
26,0            
0.6
2
42.75            
0.4
40
2
13.0            
1.4
1.4
21.5            
133.0         
1.1
16,0            
33.0            
1.2
17.85            
42.75            
45
9.5             
67
40
27.85            
132.75           
0.57
23.0            
30.5
4.45             
8             
10.25
900
9.5             
0.1
20
8             
20            
40
33.0            
10
5
11.5            
24.25            
0.8
33.0            
133.0         
26,0            
900
33.0            
23
11.5            
18            
13.0            
23.0            
2
0.25
27.85            
133.0         
1.2
30            
0.25
0.75
200
6.0             
42.75            
24.25            
100
27.85            
15.15            
21.5            
2
6.75
24.25            
42.75            
40.5
1
0.6
20
10            
0.1
0.7
14.25            
26,0            
20
1.1
19.5            
50.5            
13.0            
20            
0.75
22.75            
6.75
3.0             
12.75            
0.68
23
18            
23.0            
0.7
100
50.5            
5.15             
24.25            
42.75            
6.0             
100
67
14.25            
45
0.57
15.15            
41.5            
0.8
7.85             
18            
40.5
5.10             
0.1
5
9.5             
26,0            
5
12.75            
5.15             
13.0            
23
1
132.75           
4
23
21.5            
20
45
28            
30            
67
42.75            
0.8
67
11.5            
10.25
0.8
5
41.5            
50.5            
45
50.5            
30            
1
2
14.25            
200
10.25
9.5             
10.25
67
14.25            
100
34
10            
25.15            
900
6.0             
23.0            
29.5            
132.75           
16,0            
33.0            
0.57
2
23
23
8             
132.75           
40
0.68
4
5
0.2
25.15            
0.4
13.0            
15.15            
40.5
25.15            
30            
0.9
41.5            
1
0.9
41.5            
45
2.75             
100
1.1
12
4.25             
0.1
27.85            
4.25             
26,0            
40
0.75
9.5             
6.0             
4
18            
1.1
5.15             
40.5
4.25             
7.85             
50.5            
40.5
2.75             
27.85            
26,0            
1.4
41.5            
132.75           
10.25
20
10            
23
0.75
67
4.25             
5
67
67
1.2
13.0            
0.68
0.9
12.75            
22.75            
5.10             
17.85            
19.5            
34
5.10             
0.6
29.5            
100
9.5             
0.6
8             
0.2
23
6.75
14.25            
30.5
5
22.75            
27.85            
10
9.5             
0.68
12.75            
40.5
9.5             
0.68
9.5             
3.0             
10
30.5
12.75            
16,0            
23
50
21.5            
0.7
0.1
0.5
2
3.0             
15.15            
50
19.5            
50
0.5
100
1.5             
13.0            
67
40
13.0            
13.0            
0.4
7.5
0.6
7.85             
0.4
0.6
40.5
14.25            
0.68
900
0.5
22.75            
2.75             
18            
20
100
3.0             
42.75            
132.75           
4.25             
33.0            
30            
40
16,0            
50
16,0            
2.75             
7.5
21.5            
20
0.1
40
18            
23
0.25
0.75
8             
0.8
200
0.57
23.0            
41.5            
200
15.15            
10            
23
5
40.5
50
100
0.75
23
12.75            
24.25            
15.15            
50
17.85            
12
100
23
0.4
26,0            
30            
0.68
33.0            
8             
40
0.68
19.5            
50
100
0.7
11.5            
4.45             
0.5
0.5
14.25            
0.57
23.0            
9.5             
0.6
12.75            
100
0.7
1.1
20            
34
2.75             
40
22.75            
30            
24.25            
8             
4.45             
0.5
45
0.68
132.75           
28            
1.4
13.0            
18            
23
2.75             
50
21.5            
20
100
1.4
10            
40.5
10.25
0.25
1.2
33.0            
40
23
0.6
4.45             
15.15            
23
9.5             
5.15             
20
0.68
4.45             
21.5            
7.85             
23
0.5
3.0             
42.75            
29.5            
11.5            
6.0             
45
26,0            
9.5             
7.85             
21.5            
1.2
26,0            
100
10.25
5.10             
20            
100
1.1
9.5             
29.5            
0.5
0.8
0.2
14.25            
40
0.75
23
67
18            
34
23
11.5            
25.15            
19.5            
40
40
2.75             
12.75            
1
900
67
20            
22.75            
132.75           
15.15            
18            
33.0            
67
2.75             
28            
30            
0.2
16,0            
132.75           
1.2
1.1
33.0            
0.68
4.45             
50.5            
50
23
22.75            
50.5            
10
5.15             
14.25            
19.5            
1.5             
7.85             
16,0            
23
7.5
1.1
24.25            
41.5            
21.5            
2
0.4
2.75             
42.75            
200
0.9
0.8
27.85            
28            
200
8             
11.5            
26,0            
0.1
0.75
9.5             
27.85            
1.2
0.68
100
42.75            
132.75           
18            
25.15            
100
2.75             
2.75             
21.5            
20
16,0            
7.5
0.1
0.4
34
27.85            
41.5            
0.1
5.15             
4.25             
1
200
6.75
1.5             
1.5             
11.5            
11.5            
10.25
8             
0.57
26,0            
1.2
5.10             
5.10             
0.1
16,0            
3.0             
13.0            
21.5            
900
5.10             
23
24.25            
132.75           
0.1
5.10             
27.85            
4
11.5            
13.0            
40.5
0.68
20
5.15             
41.5            
100
1.4
13.0            
40.5
33.0            
13.0            
13.0            
25.15            
9.5             
0.68
13.0            
200
50
23
9.5             
14.25            
6.75
41.5            
1.4
17.85            
6.75
0.5
132.75           
24.25            
30            
41.5            
0.68
16,0            
0.57
40
45
1.5             
50
23.0            
0.1
12
22.75            
133.0         
0.2
16,0            
1.4
132.75           
30.5
2.75             
19.5            
42.75            
50.5            
0.2
13.0            
30            
1.1
10            
13.0            
45
0.25
1.4
132.75           
12.75            
12.75            
200
15.15            
12
18            
7.5
0.25
2
27.85            
100
0.8
50
0.68
16,0            
23
1.1
20
0.25
24.25            
23
5.10             
0.7
1.2
11.5            
0.68
6.75
5.15             
33.0            
42.75            
0.25
133.0         
14.25            
67
50
18            
26,0            
2.75             
23
12.75            
6.75
7.5
0.7
3.0             
11.5            
12.75            
0.75
2
3.0             
33.0            
33.0            
7.5
17.85            
13.0            
30            
15.15            
16,0            
26,0            
33.0            
0.9
10            
5.15             
0.8
4.25             
2
23.0            
14.25            
7.85             
7.85             
1.1
22.75            
13.0            
