0.7
12
1.4
0.6
8             
0.68
19.5            
41.5            
10
6.75
900
0.1
6.75
30            
42.75            
13.0            
0.57
14.25            
7.5
9.5             
16.0            
42.75            
0.6
23
1.4
13.0            
16.0            
41.5            
19.5            
28            
50
21.5            
50
10.25
12
11.5            
12.75            
23.0            
5.10             
34
0.25
1.1
20            
6.75
1.2
10.25
40
4.45             
0.4
6.0             
30.5
7.5
15.15            
132.75           
23
14.25            
1
7.5
19.5            
30.5
29.5            
1.1
40
11.5            
0.5
34
13.0            
1.2
9.5             
40
23
4
6.0             
15.15            
26.0            
7.5
0.7
18            
30.5
22.75            
40.5
12
50.5            
10
26.0            
1.4
23
1.2
132.75           
34
4.25             
133.0         
10
0.57
24.25            
6.75
8             
15.15            
0.9
8             
14.25            
0.68
3.0             
133.0         
14.25            
20            
45
7.85             
0.5
0.8
18            
24.25            
40.5
10            
20
40
23.0            
1
0.25
67
1.4
24.25            
50.5            
0.75
0.5
29.5            
30            
0.9
3.0             
41.5            
5.10             
10
0.9
0.9
42.75            
1.1
2
50.5            
34
4.25             
6.0             
29.5            
19.5            
6.75
1
4.25             
200
0.1
1.1
2
40.5
26.0            
40.5
0.2
22.75            
40
12.75            
19.5            
29.5            
0.75
50.5            
10.25
4.45             
25.15            
0.75
45
0.1
12.75            
200
0.1
30.5
3.0             
8             
133.0         
7.85             
0.9
20
50
10
132.75           
0.25
200
0.75
19.5            
22.75            
4.25             
3.0             
42.75            
45
14.25            
40
0.9
19.5            
0.2
1.1
17.85            
1.2
0.6
19.5            
2
0.68
21.5            
100
10            
26.0            
50.5            
0.7
5
12
0.68
10
42.75            
4.25             
15.15            
10
6.0             
50.5            
0.5
30            
0.57
23
0.2
1.2
2
14.25            
34
5.10             
6.0             
4
13.0            
22.75            
23
17.85            
0.1
0.68
50.5            
10.25
19.5            
100
1.1
20            
25.15            
3.0             
8             
19.5            
20
21.5            
132.75           
0.9
200
133.0         
1.4
132.75           
67
4.45             
16.0            
0.68
34
21.5            
41.5            
6.0             
17.85            
0.6
24.25            
100
0.9
0.7
24.25            
1.4
1.2
45
4
7.85             
10
133.0         
0.68
50
24.25            
5.15             
6.0             
0.5
100
13.0            
0.5
132.75           
24.25            
0.4
20
26.0            
0.7
23
15.15            
1
0.6
20            
132.75           
0.6
10.25
0.5
20
15.15            
30.5
133.0         
26.0            
0.9
67
30            
4
5
1
0.1
1.4
1.1
0.1
0.1
17.85            
23
16.0            
40.5
0.75
0.5
6.75
5.15             
12.75            
1.2
1.1
18            
45
1.4
21.5            
29.5            
6.0             
17.85            
67
20            
2
6.75
12
4
100
0.25
100
12
34
33.0            
40.5
0.1
19.5            
4
10
19.5            
40.5
1.1
22.75            
27.85            
5.15             
5.15             
42.75            
10.25
20
18            
4
0.57
5
5
6.0             
5
133.0         
5.15             
15.15            
23
4.25             
16.0            
50
0.8
16.0            
200
100
41.5            
0.5
5
5
12
0.75
0.1
5
1.4
19.5            
10.25
23
4
1
0.25
11.5            
42.75            
132.75           
0.68
21.5            
7.5
50
29.5            
40
10            
24.25            
23
13.0            
100
1.2
9.5             
900
50
0.25
6.75
0.6
67
0.9
0.7
0.4
13.0            
30            
4.25             
132.75           
0.68
34
19.5            
50
0.68
20            
50.5            
0.7
6.0             
45
13.0            
24.25            
41.5            
2.75             
27.85            
0.57
10            
3.0             
14.25            
17.85            
67
7.5
41.5            
0.5
21.5            
132.75           
6.75
5.10             
0.4
50.5            
1.2
0.5
200
5.15             
9.5             
5
50
0.8
0.1
10
4.25             
0.75
4.25             
42.75            
3.0             
41.5            
0.4
900
14.25            
1.1
0.7
17.85            
10.25
50
50.5            
0.57
4.25             
11.5            
23
18            
6.75
1.5             
0.57
23.0            
45
10
6.0             
5
23
0.57
25.15            
5.15             
17.85            
7.5
900
11.5            
132.75           
10            
5
133.0         
0.25
15.15            
1.2
29.5            
10
2.75             
4.25             
50.5            
1.4
2
8             
0.5
1.1
30.5
0.9
12.75            
6.75
1.4
67
6.0             
1
1.1
5.15             
11.5            
20
7.5
1.5             
11.5            
10
1.1
20
900
4.25             
133.0         
10
34
0.75
33.0            
0.68
67
0.2
25.15            
0.4
1.5             
3.0             
30.5
20            
133.0         
1.4
0.9
100
132.75           
30            
15.15            
25.15            
133.0         
0.9
13.0            
1.2
0.1
1
1.1
7.85             
13.0            
25.15            
10            
0.57
24.25            
900
19.5            
7.5
100
0.75
1.2
11.5            
13.0            
23.0            
8             
0.4
10            
100
67
23
1.4
16.0            
20
50
0.9
27.85            
10.25
0.57
7.85             
7.85             
0.1
1.2
0.57
33.0            
132.75           
10.25
0.2
4.45             
200
13.0            
0.8
9.5             
0.68
0.57
0.8
7.5
26.0            
6.0             
67
16.0            
5.10             
1.2
11.5            
1.2
132.75           
10.25
2
1.4
15.15            
7.5
0.7
40.5
18            
33.0            
42.75            
0.68
11.5            
20            
0.25
0.75
8             
6.75
132.75           
0.75
18            
18            
40.5
2.75             
4.25             
29.5            
1.4
2
21.5            
10
1.1
1.4
8             
40.5
0.68
0.75
0.57
50.5            
23
12
0.5
5
50.5            
1.1
10            
15.15            
200
0.68
15.15            
19.5            
29.5            
19.5            
50
15.15            
200
7.5
0.25
5.15             
16.0            
6.75
45
1.4
7.85             
19.5            
14.25            
1.2
17.85            
0.68
67
20
0.25
28            
100
1.2
50.5            
7.85             
10
11.5            
9.5             
0.75
7.85             
23.0            
34
10
13.0            
26.0            
30            
0.9
11.5            
14.25            
1.4
14.25            
0.9
33.0            
0.68
23
2.75             
132.75           
23
67
0.6
0.25
29.5            
0.9
20
0.2
27.85            
132.75           
900
1.5             
18            
133.0         
2.75             
14.25            
132.75           
0.75
40.5
16.0            
5
0.8
2.75             
8             
0.5
5.10             
15.15            
34
0.1
67
3.0             
0.6
1.1
0.4
23.0            
22.75            
67
23.0            
4.25             
50.5            
19.5            
20
5.15             
1.5             
23
133.0         
40.5
11.5            
18            
900
11.5            
0.2
132.75           
0.9
20
2.75             
20
1
34
25.15            
18            
900
12.75            
12.75            
22.75            
2
0.7
11.5            
42.75            
0.2
17.85            
14.25            
10.25
4.45             
9.5             
0.8
30.5
45
9.5             
40
40.5
67
5.15             
41.5            
45
1.4
0.1
29.5            
0.7
28            
4.45             
27.85            
20
7.5
0.25
133.0         
30            
0.25
133.0         
132.75           
0.75
0.75
13.0            
30            
6.75
0.2
15.15            
1.1
6.0             
7.5
0.9
200
4
6.0             
4
10
5.15             
0.5
100
10.25
2.75             
10            
67
2.75             
23
10
0.5
0.6
12
34
1.4
13.0            
30            
12
67
0.2
20            
2
0.7
6.75
17.85            
23
33.0            
1.2
27.85            
29.5            
0.57
0.9
16.0            
40
0.57
26.0            
21.5            
0.6
4.25             
4.25             
132.75           
100
1.1
29.5            
0.5
25.15            
0.25
132.75           
132.75           
16.0            
0.68
50.5            
0.9
30.5
1.5             
41.5            
41.5            
0.57
22.75            
20            
6.75
12
34
21.5            
40
0.5
5.10             
0.1
22.75            
5.15             
6.0             
6.0             
0.7
4
1.2
33.0            
41.5            
23
9.5             
40
0.1
900
5.10             
5
45
10.25
4.45             
19.5            
23
5.10             
21.5            
0.4
0.1
5.15             
6.75
23
6.75
4.25             
5
20
10
0.75
3.0             
5.10             
1
23
0.1
0.2
16.0            
200
50.5            
0.68
13.0            
13.0            
2.75             
8             
10            
0.9
0.5
0.8
25.15            
17.85            
0.6
1.2
33.0            
42.75            
0.68
8             
26.0            
1
7.85             
8             
0.1
30.5
1.4
1.2
100
5
5.15             
0.4
4.25             
23
0.7
4.45             
133.0         
0.5
10
67
24.25            
27.85            
0.7
33.0            
1
33.0            
34
2.75             
7.5
5
0.7
0.7
27.85            
25.15            
0.8
0.4
14.25            
10
4
