90
30
100
65
65
95
105
120
115
45
130
75
175
160
75
170
95
150
80
195
155
35
35
75
200
180
180
135
200
15
115
50
150
20
105
10
135
15
40
180
150
160
100
35
150
105
60
30
25
185
150
10
185
185
80
110
175
175
15
170
100
190
70
25
50
65
150
40
150
145
65
140
55
130
115
135
65
185
25
70
65
100
105
165
170
85
45
185
95
105
110
105
90
95
95
10
25
20
10
180
110
90
85
100
160
185
135
95
70
130
60
135
95
65
160
70
35
65
85
200
75
180
85
30
140
35
175
130
85
105
145
60
165
200
105
75
155
30
55
190
30
130
15
120
15
50
60
185
75
100
90
165
140
55
180
85
110
55
140
20
100
95
200
50
30
200
175
100
120
150
145
105
30
155
135
50
195
45
25
105
130
20
105
75
70
135
165
170
55
85
200
195
85
200
30
110
125
55
15
185
85
180
145
30
125
95
30
180
160
70
30
30
120
10
125
145
200
50
20
135
140
130
65
95
175
95
70
185
35
200
185
40
100
180
180
85
115
170
110
105
30
105
75
10
175
55
35
10
65
105
75
80
10
175
60
55
35
95
45
135
200
45
100
35
200
125
40
155
180
95
110
90
20
15
15
40
145
65
10
140
195
130
140
30
65
90
20
175
120
45
130
90
165
185
30
70
45
10
180
55
180
155
80
135
35
35
150
10
35
160
185
40
200
80
55
30
15
195
120
100
180
155
40
55
135
125
40
185
150
70
200
85
100
75
10
85
165
50
195
15
140
180
190
75
10
200
80
40
75
165
125
75
180
20
105
55
185
165
90
15
80
85
175
190
65
70
195
90
195
20
165
195
130
125
65
10
105
130
170
140
130
165
10
160
45
75
15
130
120
55
75
80
50
15
140
15
180
160
85
105
25
90
185
160
90
65
125
185
200
20
150
100
115
85
60
190
165
80
90
25
120
120
170
145
20
25
105
50
180
130
40
175
80
55
135
65
85
125
95
45
180
115
50
180
190
10
125
30
35
150
75
130
135
60
75
165
90
40
195
85
80
155
115
75
195
170
40
15
35
165
65
145
190
55
20
180
115
50
15
25
60
15
105
95
30
50
130
70
50
195
120
30
175
145
80
175
110
105
20
125
10
200
175
50
195
15
25
160
155
105
35
30
45
160
95
30
170
105
55
130
170
80
105
180
200
75
200
115
50
175
65
45
130
120
50
195
120
200
195
110
45
190
155
80
200
125
10
35
140
70
200
150
115
75
40
115
150
40
165
55
60
60
185
115
65
45
140
75
10
145
50
175
60
85
15
140
65
155
165
100
35
130
50
75
125
30
160
135
90
150
65
70
145
75
200
175
105
75
195
40
70
120
90
45
85
15
145
200
170
60
60
35
145
70
40
195
120
70
140
45
170
80
55
185
150
75
50
135
85
185
165
100
10
20
110
35
120
100
180
30
110
100
180
170
125
95
65
15
95
50
135
150
55
15
120
135
115
90
65
55
125
165
140
135
10
180
45
160
90
25
65
30
145
70
70
175
15
90
70
195
35
65
90
110
195
35
125
200
160
30
115
155
40
115
65
15
170
50
45
150
95
115
100
110
180
60
90
85
80
180
155
25
150
140
25
105
110
50
175
100
10
130
150
180
115
200
110
45
145
140
170
40
45
195
15
180
110
115
25
130
180
65
70
175
110
185
135
55
65
180
155
125
15
195
120
65
190
15
145
20
55
35
155
30
155
190
25
60
40
180
115
130
30
125
55
50
160
165
115
85
10
160
120
85
110
30
15
180
35
115
85
170
180
60
125
140
155
10
180
70
195
170
80
105
45
115
15
95
20
120
30
85
10
45
165
195
180
180
100
180
105
80
25
170
160
155
190
75
185
155
130
125
110
190
140
35
15
20
160
45
40
100
80
115
90
45
160
150
145
100
140
35
65
75
45
85
15
15
120
145
45
155
75
80
40
185
150
185
20
110
35
95
195
115
45
135
145
115
90
170
70
35
10
115
20
165
50
170
55
30
165
10
140
70
25
120
80
55
130
35
160
85
125
20
135
15
185
80
95
190
180
130
60
165
145
75
160
130
110
130
155
25
105
185
55
165
150
115
95
130
110
80
65
200
60
140
15
100
180
55
80
65
80
35
150
195
195
145
70
65
185
30
155
40
75
85
15
185
155
70
150
125
140
45
15
15
90
115
85
65
185
120
135
165
25
15
105
105
155
170
30
105
155
125
130
140
75
180
155
110
70
80
135
145
105
105
165
70
175
190
