145
160
150
160
35
85
70
170
50
45
85
160
25
105
65
70
195
190
25
15
140
45
175
95
145
175
25
15
135
40
120
195
170
40
55
35
130
120
150
40
115
125
175
170
200
195
45
15
105
125
155
45
125
195
35
50
60
125
115
145
95
145
95
40
150
70
110
95
65
95
180
90
80
160
200
10
40
80
50
15
95
85
70
190
200
140
180
45
95
100
50
35
200
60
35
70
55
140
125
135
180
25
115
10
40
40
60
160
55
95
150
155
90
105
165
70
55
100
100
180
65
60
115
90
90
60
160
105
130
115
185
15
190
10
185
170
115
110
130
25
175
90
190
75
55
150
25
165
185
35
85
115
50
200
80
165
130
15
190
65
125
95
40
80
50
45
170
150
170
190
85
135
35
185
60
120
140
190
30
180
115
20
155
95
135
130
140
45
145
15
90
115
60
165
50
45
25
180
180
75
150
160
160
110
140
155
10
60
70
195
65
55
75
60
80
65
130
60
100
105
195
175
155
105
115
60
90
40
130
85
190
40
155
30
140
70
125
60
65
140
155
130
165
175
100
150
170
135
75
50
140
25
105
60
80
20
120
190
185
170
125
60
50
115
150
30
185
80
105
85
70
15
45
130
135
155
140
175
130
155
140
95
200
185
175
70
80
55
145
90
35
70
10
195
195
10
115
10
50
95
160
115
50
160
85
175
185
140
145
25
130
160
80
35
175
10
90
110
90
60
190
90
140
155
125
130
145
145
180
50
165
70
10
10
185
95
75
170
115
150
85
30
30
90
100
40
20
45
135
90
150
175
150
145
100
105
70
15
115
80
90
195
115
15
150
45
165
175
160
175
90
75
200
55
65
200
65
80
40
40
25
50
100
105
105
80
85
35
25
70
70
10
10
30
65
155
55
25
170
25
50
170
175
85
50
145
165
170
65
160
10
200
185
140
175
40
10
190
110
105
115
15
75
125
60
65
100
40
195
70
190
55
10
40
195
15
155
150
35
100
200
175
20
160
35
20
170
15
90
100
20
45
175
55
130
200
175
60
65
145
200
30
75
110
170
190
20
125
145
40
50
30
130
155
100
75
200
65
80
110
190
90
110
200
130
175
150
120
140
195
80
130
125
105
45
30
50
110
195
85
45
35
165
40
80
100
45
185
90
180
115
160
150
165
100
20
140
75
30
60
100
150
45
170
150
10
55
165
175
160
20
10
120
10
145
90
35
30
40
110
180
175
80
190
40
30
175
30
120
145
165
185
185
195
195
10
145
155
160
25
80
65
65
15
10
125
155
150
185
140
50
115
60
150
130
125
120
65
195
170
50
130
90
105
45
110
160
125
170
35
115
185
45
15
170
25
80
95
25
200
150
135
60
50
10
60
165
95
75
130
45
45
125
150
70
55
105
40
125
160
160
120
70
140
95
160
65
20
60
175
40
140
140
65
15
15
195
30
115
75
155
85
120
50
120
90
165
145
160
115
155
70
115
30
50
75
95
120
90
165
115
190
155
50
65
150
70
145
55
90
195
180
150
190
115
100
180
130
140
20
195
110
30
40
45
100
75
80
55
110
75
190
160
50
130
95
65
15
45
195
125
180
150
30
115
75
180
120
95
170
160
110
170
175
105
90
45
15
30
160
180
180
130
100
135
115
45
185
15
150
115
75
105
140
85
30
65
20
185
30
15
35
100
110
95
95
135
85
125
35
90
50
155
75
110
95
200
145
95
10
65
170
55
135
95
60
130
75
30
70
60
20
190
150
155
130
55
90
95
50
45
10
180
170
170
135
75
100
65
200
150
40
130
50
15
140
170
120
10
170
55
190
150
115
140
95
15
155
200
160
65
20
200
15
105
145
30
105
100
20
170
30
200
10
35
165
95
75
125
50
105
115
135
110
95
15
190
170
130
180
70
190
120
15
125
75
60
160
10
85
185
75
70
180
200
155
105
170
165
145
145
55
40
25
20
130
155
65
80
50
15
50
170
80
75
70
90
65
80
85
145
185
145
110
115
45
30
120
195
135
60
20
30
145
115
130
15
150
50
190
30
15
80
165
85
165
180
55
20
190
190
80
200
200
25
175
170
120
70
80
45
145
120
200
90
35
130
90
165
160
45
145
170
90
155
50
115
30
165
190
70
80
195
150
165
130
185
115
150
155
160
150
165
125
160
10
95
65
100
35
50
85
125
135
30
95
70
60
175
140
90
105
75
90
115
45
45
60
165
65
170
120
105
40
130
110
125
200
180
165
75
15
165
160
195
20
120
10
190
185
