01035         
01545         
01609         
01720         
01742         
01754         
01801         
02134         
02140         
02155         
02492         
02493-2699    
02668         
02813         
02865-1023    
04401         
04680         
05660         
05661         
06070         
06277         
06382         
06820         
06851         
06880         
06902         
07104         
07624         
07712-3493    
08106         
08733         
08857         
10009         
10016         
10021         
10024-6219    
10025         
10308         
10566         
10580         
10941         
11221         
11530         
11561         
11580         
11725         
117582338     
11778         
11782         
11934         
11960         
12309         
12345         
12525         
12946         
13090         
13120         
13302         
13760         
13903         
14127         
14221         
14580         
14586         
14590-9388    
14618         
14624         
14626         
14701         
15232         
15235         
15235-5318    
15237-3742    
15239         
15478         
16333         
16365         
16371         
16410         
16506         
16734         
17013         
17059         
17070         
17112         
17233         
17339         
17402         
18018         
18049         
18834         
18946         
19067-5742    
19085         
19146-2341    
19312         
19446         
19970         
20000         
20008         
20009         
20117         
20194         
20300         
20688         
20754         
20754-3008    
20783         
20814         
20817         
20832         
20854         
20854-5534    
20901         
20905         
21114         
21136-1125    
21212-2338    
21228         
21702         
21716         
21783         
21788         
22031         
22042         
22091-4139    
22101         
22152         
22153         
22153-3915    
22192         
22193         
22204         
22303         
22306         
22306-2721    
22309         
22312         
22560         
22801-1666    
22846         
22901         
22903         
22980         
23002         
23005         
23043         
23112         
23113         
23146-0130    
23185         
23188         
23223         
23229         
23314         
23320         
23321         
23434         
23451         
23452         
23453         
23454         
23455         
23456         
23462         
23464         
23487         
23502         
23503         
23513         
23518         
23605         
23606         
23661         
23662         
23669         
23805         
23821-2833    
23832         
23847         
23850         
23851         
23885         
23893         
23919         
23924         
23927         
23944         
23950         
23959         
23964         
23967         
24014         
24015         
24018         
24019         
24054         
24054-9337    
24055         
24060         
24069         
24073         
24087         
24088         
24091         
24112         
24121         
24124         
24124-1013    
24136         
24137         
24143         
24148         
24148-1071    
24151         
24153         
24162         
24165         
24171         
241714638     
24175         
24201         
24202         
24210         
24210-3213    
24224         
24226         
24228         
24230         
24244         
24279         
24293         
24301         
24330         
24333         
243333408     
24348         
24354         
24361         
24363         
24370         
24426         
244266221     
24501         
24520         
24524         
24527         
24528         
24529         
24531         
24535         
24540         
24540-1479    
24540-2249    
245406443     
24541         
245415238     
245415661     
24549         
245513782     
24554         
24556         
24557         
24558         
24563         
245633014     
24571         
24572         
24577         
24580         
24589-2639    
24592         
24592-2032    
245922002     
24605         
24637         
24651         
24701         
24712         
24772         
24928         
25064         
25159         
25177         
25303         
25311         
25398         
25504         
25526         
255599706     
25678         
25701         
25704         
25801         
25825         
25832         
25878-0004    
25951         
25957         
25971         
26101         
26105         
26153         
26175         
26187         
26272         
26431         
265053802     
26651         
26726         
27006         
27009         
27011         
27012         
27012-8901    
27013         
27018         
27020         
27021         
27023         
27025         
27028         
27030         
27040         
27045         
27050         
27051         
27052         
27053         
27054         
27055         
27101         
27103         
27104         
271043240     
27105         
271054321     
271055200     
271055622     
27106         
27107         
27115         
27127         
271273910     
27130         
27151         
27153         
27157         
27201         
27202         
27203         
27204         
27205         
27207         
27208         
27213         
27214         
27214-955     
27215         
27215-5345    
27215-6531    
27216         
27217         
27217-7935    
272172522     
27221         
27229         
272298410     
27231         
27233         
27235         
27239         
27243         
272439405     
27244         
27244-9113    
27244-9715    
272449326     
27248         
27249         
27252         
27253         
27253-3202    
27258         
27258-9774    
27260         
272605998     
27261         
27262         
27262-7457    
272622321     
27263         
27263-837     
27265         
27265-9340    
272651240     
27278         
27278-0868    
272787152     
272788418     
27281         
27282         
27283         
27284         
27285         
27288         
27288-3073    
27291         
27292         
272924509     
272926033     
27293         
27295         
27296         
27298         
27299         
27301         
27302         
27302-2012    
27302-9117    
273022        
27305         
27306         
27310         
27312         
27313         
273139715     
27314         
27316         
27317         
27317-7221    
27320         
27323-1356    
27325         
27326         
27330         
27332         
273322815     
27340         
27341         
27342         
27343         
27344         
27349         
27350         
27351         
27355         
27356         
27357         
27358         
27360         
27361         
27365         
27370         
27371         
27373         
27374         
27376         
27376-9324    
27377         
27379         
273801903     
27401         
27401-3654    
27401-3848    
274014321     
27403         
27403-1016    
27403-5301    
27405         
274057516     
27406         
274061841     
27407         
27407-7894    
27408         
274083104     
27409         
27409-2203    
274092362     
274093052     
27410         
27415         
27416         
27455         
27482         
27501         
27502         
27502-4156    
27502-6515    
27503         
27504         
27505         
27505-4898    
27506         
27507         
275079376     
27508         
27509         
27509-1909    
27510         
27510-1156    
27511         
27513         
27514         
27515         
27516         
27517         
27517-8116    
275178465     
275178525     
27519         
27520         
27520-1838    
27520-8958    
27521         
27522         
27523         
27523-5501    
27524         
27525         
27525-7508    
27525-9701    
27526         
275262081     
27527         
27527-4550    
27529         
27529-1234    
27530         
275303571     
275306405     
27532         
27533         
27534         
27536         
27536-9604    
275363335     
27537         
27537-6399    
275374084     
275378924     
27539         
27540         
27541         
27542         
27544         
27545         
27546         
27549         
27551         
27553         
27555         
27556         
27557         
27559         
27560         
27562         
27563         
27565         
27565-8612    
27568         
27569         
27571         
27572         
275728105     
27573         
275737724     
27574         
27576         
27577         
27581         
27582         
27583         
275839227     
27584         
27587         
27589         
27591         
27592         
27593         
27596         
27597         
27601         
27602         
27603         
27603-7425    
276032957     
27604         
27604-2075    
27605         
27605-1462    
27606         
27607         
27608         
27609         
27609-4659    
27609-5958    
27609-7656    
276092892     
276093953     
27610         
276102446     
27612         
27613         
27613-1352    
27613-4222    
27614         
27615         
27615-1682    
27615-2432    
27615-315     
27615-5718    
27616         
276167101     
27617         
27619         
27624         
27624-9796    
276505264     
27658         
27699         
27701         
277011451     
277013047     
277014169     
277014239     
277014620     
27702         
27703         
27703-2007    
27703-5743    
277038565     
277039114     
27704         
277041145     
27705         
27705-8163    
277055805     
27707         
27707-1445    
27707-1825    
27707-3752    
27707-5265    
27707-5441    
277071778     
27709         
27710         
27712         
27712-1320    
27712-1925    
277121638     
277129652     
27713         
277132771     
277135405     
277138554     
27715         
27716         
27717         
27722         
27801         
27801-3016    
27802         
278026473     
27803         
27804         
27806         
27807         
27808         
27809         
27810         
27812         
27814         
27816         
27816-2128    
27817         
27819         
27820         
27821         
27822         
27823         
27824         
27828         
27829         
27830         
27831         
27832         
27834         
27835         
27837         
27842         
27844         
27845         
27846         
27850         
27851         
278518902     
27852         
27855         
27856         
27857         
27858         
27860         
27862         
27863         
27864         
27868         
27870         
27871         
27874         
27876         
27877         
27878         
27880         
278809477     
27882         
27883         
27884         
27886         
27887         
27888         
27889         
27890         
27891         
27892         
27893         
27893-8347    
278935333     
278938085     
27894         
27896         
27909         
27910         
27928         
27932         
27935         
27942         
27944         
27948         
27949         
27954         
27959         
27960         
27962         
27970         
27974         
27981         
28001         
28002         
28009         
28012         
28016         
28017         
28020         
28021         
280211001     
28023         
28025         
28025804      
28027         
28027-8003    
28031         
28032         
28034         
28036         
28036-7593    
28037         
28040         
28041         
28043         
28052         
28054         
280545756     
28056         
28070         
28073         
28073-8741    
28075         
28078         
28079         
28080         
28081         
28081-2537    
28082         
28083         
28086         
28088         
28089         
28090         
28092         
28093-0035    
28097         
28098         
28101         
28103         
28104         
28105         
28105-3503    
28106         
28107         
28108         
28110         
281103661     
28112         
28115         
28117         
28120         
28123         
28124         
28125         
28128         
28129         
28134         
28135         
28136         
28137         
28138         
28139         
28140         
28144         
28144-8546    
28146         
28147         
28150         
28152         
28163         
28164         
28166         
28167         
28168         
28169         
28170         
28173         
28174         
28202         
28203         
28204         
28205         
28206         
28207         
28208         
282083077     
282087016     
28209         
28210         
28210-3831    
282100000     
28211         
28212         
282124709     
28213         
28214         
28215         
28216         
28216-1962    
28217         
28218         
28226         
282266202     
282267407     
28227         
282277032     
28229         
28256         
28262         
28266         
28269         
282699707     
28270         
28270-1060    
282704212     
28273         
28277         
28278         
28297         
28301         
28302         
28303         
28303-4977    
28304         
28305         
28306         
28306-3012    
28307         
28309         
28310         
28311         
28312         
28314         
28315         
28318         
28320         
28323         
28325         
28326         
28326342      
28327         
283279356     
28328         
283283834     
28330         
28333         
28333-5106    
28334         
28334-2910    
28335         
28337         
28338         
28339         
28339149      
28340         
283402211     
28341         
28342         
28343         
28343-8460    
28344         
28345         
28348         
283482023     
283488688     
28349         
28351         
28352         
28352-1144    
283527954     
28356         
28357         
28358         
28358-2907    
28358-8599    
28358-9618    
283589136     
28359         
28360         
283615118     
28364         
28364-9313    
283642430     
28365         
283652525     
28366         
28368         
28369         
28370         
28371         
28372         
28372-3087    
283729999     
28373         
28374         
28374-6840    
28376         
28377         
28378         
28379         
28379-3832    
283799523     
28380         
28382         
28382576      
28383         
28383760      
28384         
28384-0691    
283848715     
28385         
28386         
28387         
28388         
28390         
28391         
28392         
28393         
28394         
28395         
28396         
28398         
28398-7761    
28399         
28401         
28403         
28403-1915    
28405         
28406         
28409         
28411         
28412         
28421         
28422         
28422-7938    
28423         
28425         
28428         
28429         
28430         
28431         
28431-0098    
28433         
28434         
28435         
28436         
28439         
28441         
28443         
28445         
28447         
28449         
28451         
28453         
28454         
28456         
28457         
28458         
28459         
28460         
28461         
284618473     
284618545     
28462         
284625469     
28463         
28464         
28465         
28466         
28467         
28468         
28469         
28470-5145    
28471         
28472         
284723802     
284729685     
28478         
284787540     
28479         
28480         
28501         
285019553     
28503         
28504         
285041454     
28508         
28512         
28513         
28513-2929    
28515         
28516         
28518         
285188658     
28519         
28520         
28521         
28523         
28525         
28526         
28530         
28531         
28532         
285322401     
28533         
28538         
28539         
28540         
28544         
28546         
28547         
28551         
28552         
28555         
28556         
28557         
28560         
285608418     
28561         
28562         
285629412     
28563         
28564         
28570         
28571         
28572         
28572294      
28574         
28578         
28580         
285802082     
28584         
28585         
28586         
28590         
285909103     
28592         
28594         
28601         
28601-1430    
28601-9322    
28602         
28603         
28604         
28605         
28607         
28609         
28610         
28612         
28613         
286138924     
28625         
286250000     
28626         
28629         
28630         
28634         
28636         
28637         
28642         
28643         
28645         
28650         
28651         
28654         
28655         
28657         
28658         
28659         
28665         
28669         
28673         
28677         
28678         
286789217     
28681         
28689         
28690         
28693         
28697         
28699         
28701         
28704         
28707         
28709         
28711         
287113833     
28712         
28712-4159    
28716         
28719         
28723         
28730         
28734         
28739         
28744         
28745         
28746         
28752         
28753         
28754         
28758         
28762         
28763         
28771         
28777         
28778         
28786         
28787         
28792         
28793         
28803         
28804         
28805         
28806         
28815         
29016         
29036         
29054         
29054-9806    
29063         
29067         
29067-8691    
29069         
29072         
29073         
29078         
29115         
29118         
29130         
29138         
29150         
29160         
29161         
29169         
29201         
29203         
29204         
29206         
29209         
29210         
29212         
29223         
29229         
29290         
29301         
29303         
29304         
29307         
29316         
29323         
29340         
29341         
29356         
29374         
29376         
29379         
293857732     
29406-9721    
29412         
29413         
29439         
29445         
29455         
29464         
29466         
29483         
29485         
29501         
29505         
29506         
29512         
29520         
29526         
29532         
29540         
29541         
29543         
29554         
29560         
29565         
29566         
29571         
29572         
29575         
29576         
29577         
29579         
29581         
29582         
29582-3455    
29584         
29601         
29605         
29605-3113    
29607-5538    
29615         
29620         
29621         
29627         
29630         
29640         
29642         
29645         
29646         
29649         
29650         
29651         
29657         
29661         
29662         
29664         
29664-9413    
29666         
29672         
29676         
29676-4020    
29678         
29680         
29681         
29690         
29691         
29692         
29702         
29706         
29710-8401    
29715         
29720         
29731         
29732         
29803         
29824         
29835         
29860         
29902         
29909         
29910         
29926         
29928         
30001         
30004         
30005         
30012         
30013         
30014         
30022         
30025         
30030         
30033         
30040         
30043         
30047         
30047-4513    
30062         
30066         
30067         
30075         
30078         
30084         
30092         
30094         
30102         
30126         
30205         
30263         
30276         
30291         
30296         
30306         
30307         
30309         
30318         
30327         
30329         
30345-4033    
30345-4041    
30458         
304589141     
30576         
30605         
30605-3845    
30606         
30809         
30817         
30906         
30909         
31008         
31088         
31411         
31501         
31516         
31520         
31522         
31602         
31605         
31705         
31709         
31711         
31730         
32034         
32043         
32046         
32068         
32082         
32174         
32210         
32211         
32223-3217    
32225         
32240         
32317         
32547         
32566         
32571         
32591         
32701         
32703         
32707         
32707-6810    
32708         
32712-3235    
32714         
32728         
32746         
32746-2012    
32750         
327504073     
32751         
32765         
32773         
32779         
32789         
32792         
32801         
32817         
32822         
32828         
32836         
32901         
32903-4003    
32905         
32907         
32934         
32935         
32940         
32950         
32951         
32954         
32956         
32963         
32963-4325    
32966         
33009         
33129         
33133         
33140         
33155         
33156         
33160         
33312         
33321         
33324         
33334         
334083608     
33411         
33433         
33437         
33440         
33477         
33548-6136    
335949108     
33609         
33629         
33705         
33762         
33810         
33870         
33872         
33901         
33962         
34105         
34219-9261    
34231         
34231-4951    
34234         
34236         
34285         
34287-3352    
34491         
34677-6349    
34711         
34741         
34743         
34746         
34749-1332    
34761         
34982         
349832720     
35046         
35055         
35115         
35226         
35404         
35486         
35750         
35771         
36027         
36067         
36271         
36426         
37043         
37064         
37086         
37129         
37144         
37185         
37211         
37303         
37332         
37341         
37343-3653    
37388         
37415-4846    
37601         
37615         
37617         
37643         
37660         
376831        
37708         
37725         
37738         
37762         
37813         
37814         
37857         
37862         
37876         
37909-1701    
37918         
37919         
37920         
37922         
37934         
38017         
38139         
38237         
38305         
38668         
38701         
38901         
38930         
39042         
39056         
39503         
39520         
39563         
39565         
40330         
41472         
41501         
42071         
43081         
43202         
43221         
43812         
44124         
44310-3856    
44618         
45036         
45241         
452452959     
45324         
45424         
45502         
45669         
46041-1357    
46041-7639    
46112         
46122         
46227         
46341         
46356         
467389728     
46755         
47            
47394         
47542         
47546         
48025         
48059         
48118         
48154         
48230         
48239         
48301         
484462174     
48603-4743    
48864-3755    
49260         
49265         
49441         
50536         
53027         
53122-1427    
53186         
53206         
53219         
53220         
53222         
53227         
53523         
53549-2170    
53716         
54650         
55044         
55316         
55337         
55343         
55406         
55408         
56017         
56034         
56320         
56368         
56435         
58300         
59601         
59601-4817    
59715         
60152         
60415         
60555         
60610-8272    
60619         
63017         
63119         
631304132     
63139         
63141         
63146         
64137         
65120         
65203         
66047         
66061         
66085         
66103         
66208         
66213         
66214         
66725         
66762         
69030         
70072         
70115         
70358         
70554         
70814         
71457         
72007         
72631         
72764         
74066         
75001         
75201         
75225         
75973         
76016         
77079         
77095-4011    
77546         
78209         
78216-3442    
78232         
78739         
78820-3777    
791096087     
80014         
80126         
80231         
80501         
80538         
80544403      
81611         
83204         
83333         
84103         
84123         
84601         
85208         
85215         
85282         
85283         
85345         
85600         
85718-3449    
85730         
87122         
87501         
87530         
88351         
88888         
888888888     
89121         
89128-4910    
90036         
90044         
90045         
91206         
91321         
91765         
92037         
92130         
92313         
92651         
94022         
94301         
94602         
94606         
94618         
94954         
95389         
95765         
95821         
97124         
97230         
97524         
97526         
97539         
97541         
98034         
98053         
98363         
98433         
99703