(555)9976317
(555)9975957
(555)9975885
(555)9975795
(555)9975636
(555)9975538
(555)9975369
(555)9974808
(555)9974546
(555)9973545
(555)9973403
(555)9899356
(555)9898583
(555)9897951
(555)9891458
(555)9870949
(555)9870586
(555)9859567
(555)9859403
(555)9858075
(555)9858065
(555)9857805
(555)9857490
(555)9856850
(555)9856796
(555)9855976
(555)9855611
(555)9855004
(555)9854735
(555)9854366
(555)9853804
(555)9851965
(555)9851753
(555)9851457
(555)9851157
(555)9846745
(555)9841494
(555)9835755
(555)9835746
(555)9835438
(555)9833975
(555)9831888
(555)9831663
(555)9816153
(555)9801771
(555)9801484
(555)9800536
(555)9800511
(555)9800144
(555)9779047
(555)9777950
(555)9776877
(555)9773693
(555)9773567
(555)9771373
(555)9770304
(555)9759680
(555)9756771
(555)9756459
(555)9753088
(555)9751970
(555)9751745
(555)9745947
(555)9745680
(555)9744609
(555)9738670
(555)9730515
(555)9717575
(555)9707934
(555)9706655
(555)9699490
(555)9698037
(555)9697580
(555)9688998
(555)9688745
(555)9688144
(555)9687764
(555)9687681
(555)9686985
(555)9685911
(555)9684868
(555)9683955
(555)9683511
(555)9680317
(555)9680310
(555)9679833
(555)9679650
(555)9677736
(555)9677685
(555)9677595
(555)9677471
(555)9677457
(555)9677097
(555)9676540
(555)9676446
(555)9675517
(555)9674583
(555)9674464
(555)9674144
(555)9673615
(555)9673504
(555)9673456
(555)9673454
(555)9671893
(555)9671770
(555)9671040
(555)9659785
(555)9659657
(555)9659385
(555)9659078
(555)9658676
(555)9656784
(555)9655666
(555)9655453
(555)9655353
(555)9653438
(555)9644851
(555)9644535
(555)9636189
(555)9635654
(555)9635458
(555)9635360
(555)9617559
(555)9606391
(555)9605985
(555)9603560
(555)9599778
(555)9598833
(555)9598740
(555)9598517
(555)9598446
(555)9597966
(555)9597915
(555)9597819
(555)9597568
(555)9597545
(555)9597440
(555)9597061
(555)9596853
(555)9596511
(555)9596061
(555)9595853
(555)9595783
(555)9595571
(555)9595545
(555)9595413
(555)9595360
(555)9595118
(555)9594536
(555)9594311
(555)9593958
(555)9593358
(555)9591441
(555)9580530
(555)9579589
(555)9579358
(555)9579116
(555)9579001
(555)9578857
(555)9578119
(555)9577080
(555)9575981
(555)9575914
(555)9575699
(555)9573553
(555)9573504
(555)9570811
(555)9569949
(555)9569931
(555)9567137
(555)9565460
(555)9565198
(555)9559513
(555)9559434
(555)9558849
(555)9558457
(555)9557559
(555)9554546
(555)9553565
(555)9553051
(555)9549655
(555)9549615
(555)9549570
(555)9547985
(555)9547350
(555)9546147
(555)9544691
(555)9541573
(555)9541031
(555)9530559
(555)9530405
(555)9530157
(555)9516365
(555)9515615
(555)9498131
(555)9496178
(555)9495869
(555)9493945
(555)9493587
(555)9493514
(555)9493469
(555)9489787
(555)9487558
(555)9487457
(555)9486838
(555)9483551
(555)9480495
(555)9480170
(555)9475936
(555)9475756
(555)9475336
(555)9475173
(555)9473655
(555)9473189
(555)9471199
(555)9470954
(555)9468736
(555)9468660
(555)9467838
(555)9464388
(555)9464344
(555)9463586
(555)9463459
(555)9463434
(555)9461578
(555)9460818
(555)9460641
(555)9460095
(555)9459906
(555)9459145
(555)9458984
(555)9458380
(555)9457849
(555)9456997
(555)9456757
(555)9456739
(555)9456443
(555)9456089
(555)9455844
(555)9455651
(555)9455173
(555)9454817
(555)9453783
(555)9453091
(555)9451776
(555)9451107
(555)9445351
(555)9443557
(555)9436570
(555)9436355
(555)9435955
(555)9401707
(555)9391157
(555)9387688
(555)9387451
(555)9386885
(555)9386550
(555)9385560
(555)9385497
(555)9383679
(555)9383365
(555)9383059
(555)9381854
(555)9381785
(555)9381154
(555)9380755
(555)9379559
(555)9377734
(555)9377685
(555)9377636
(555)9377359
(555)9377184
(555)9377089
(555)9375787
(555)9374845
(555)9374657
(555)9374438
(555)9373354
(555)9371870
(555)9371678
(555)9370900
(555)9365987
(555)9359677
(555)9359615
(555)9359560
(555)9359066
(555)9358186
(555)9355695
(555)9355663
(555)9355404
(555)9354480
(555)9353685
(555)9351959
(555)9351771
(555)9351649
(555)9351586
(555)9351515
(555)9351484
(555)9351408
(555)9349140
(555)9347935
(555)9347733
(555)9347545
(555)9347353
(555)9347133
(555)9346903
(555)9346758
(555)9345385
(555)9344056
(555)9343610
(555)9343356
(555)9343098
(555)9341349
(555)9340353
(555)9339957
(555)9339885
(555)9339733
(555)9339550
(555)9339511
(555)9338983
(555)9338888
(555)9338565
(555)9337108
(555)9336115
(555)9335844
(555)9335815
(555)9335777
(555)9335719
(555)9335441
(555)9335045
(555)9334976
(555)9334843
(555)9334004
(555)9333693
(555)9333390
(555)9333337
(555)9333140
(555)9333075
(555)9330871
(555)9330836
(555)9330568
(555)9330495
(555)9330191
(555)9330070
(555)9330058
(555)9319165
(555)9313775
(555)9183688
(555)9153593
(555)8984818
(555)8978995
(555)8978455
(555)8977633
(555)8977585
(555)8977301
(555)8976586
(555)8976417
(555)8975904
(555)8975538
(555)8975480
(555)8975379
(555)8974750
(555)8973584
(555)8967854
(555)8967151
(555)8961893
(555)8958561
(555)8958504
(555)8958185
(555)8957881
(555)8957790
(555)8957705
(555)8957705
(555)8957543
(555)8957475
(555)8957465
(555)8957376
(555)8957100
(555)8956897
(555)8956539
(555)8956471
(555)8956470
(555)8956368
(555)8956300
(555)8956146
(555)8955999
(555)8955991
(555)8955863
(555)8955847
(555)8955778
(555)8955777
(555)8955770
(555)8955731
(555)8955635
(555)8955453
(555)8955395
(555)8955365
(555)8955319
(555)8955318
(555)8954875
(555)8954816
(555)8954471
(555)8954447
(555)8954444
(555)8954441
(555)8954033
(555)8953703
(555)8953601
(555)8953559
(555)8953407
(555)8953389
(555)8951609
(555)8951361
(555)8950058
(555)8949037
(555)8948817
(555)8948513
(555)8947481
(555)8945359
(555)8944660
(555)8944593
(555)8943569
(555)8943541
(555)8943096
(555)8941655
(555)8941450
(555)8939868
(555)8939839
(555)8939498
(555)8939076
(555)8939046
(555)8938679
(555)8938594
(555)8936988
(555)8936983
(555)8936155
(555)8935863
(555)8935856
(555)8935615
(555)8935574
(555)8935464
(555)8935357
(555)8934898
(555)8934895
(555)8934617
(555)8934514
(555)8934389
(555)8934304
(555)8933737
(555)8933565
(555)8933084
(555)8931147
(555)8930096
(555)8914356
(555)8914305
(555)8908959
(555)8885991
(555)8885759
(555)8885753
(555)8885196
(555)8884070
(555)8880683
(555)8856957
(555)8855368
(555)8853419
(555)8851586
(555)8844145
(555)8841310
(555)8830495
(555)8818550
(555)8818340
(555)8810964
(555)8810905
(555)8810613
(555)8810047
(555)8805150
(555)8796517
(555)8795945
(555)8795895
(555)8795818
(555)8795518
(555)8789860
(555)8789568
(555)8789031
(555)8787154
(555)8786059
(555)8785904
(555)8784680
(555)8781949
(555)8780868
(555)8780780
(555)8780531
(555)8780488
(555)8780066
(555)8779365
(555)8773596
(555)8767615
(555)8767380
(555)8766615
(555)8765865
(555)8765797
(555)8765643
(555)8765388
(555)8764984
(555)8764159
(555)8763983
(555)8763647
(555)8763554
(555)8763318
(555)8760951
(555)8760787
(555)8760570
(555)8760415
(555)8760353
(555)8759453
(555)8758854
(555)8758818
(555)8758775
(555)8758734
(555)8758663
(555)8758069
(555)8757965
(555)8756995
(555)8756986
(555)8756808
(555)8756159
(555)8756149
(555)8755438
(555)8755383
(555)8755190
(555)8755153
(555)8754834
(555)8754051
(555)8753798
(555)8753755
(555)8753097
(555)8751515
(555)8738149
(555)8737968
(555)8736678
(555)8736598
(555)8735766
(555)8735757
(555)8735348
(555)8734438
(555)8731453
(555)8731317
(555)8730759
(555)8719465
(555)8718179
(555)8715379
(555)8711595
(555)8711550
(555)8710813
(555)8710615
(555)8710197
(555)8710087
(555)8709954
(555)8709755
(555)8709084
(555)8708965
(555)8708834
(555)8708794
(555)8708773
(555)8708755
(555)8708707
(555)8708641
(555)8708448
(555)8707650
(555)8707355
(555)8706835
(555)8706383
(555)8706111
(555)8705384
(555)8701491
(555)8701054
(555)8700403
(555)8698049
(555)8690744
(555)8687734
(555)8687315
(555)8685903
(555)8685780
(555)8685515
(555)8685455
(555)8684500
(555)8684104
(555)8683576
(555)8683399
(555)8680966
(555)8680813
(555)8679705
(555)8679683
(555)8678540
(555)8678538
(555)8677515
(555)8676153
(555)8675963
(555)8675776
(555)8675577
(555)8674708
(555)8674187
(555)8673398
(555)8671795
(555)8671755
(555)8671745
(555)8671635
(555)8671373
(555)8670167
(555)8669137
(555)8665150
(555)8664355
(555)8659559
(555)8658979
(555)8657375
(555)8656556
(555)8656480
(555)8655607
(555)8655449
(555)8655130
(555)8655116
(555)8654797
(555)8654684
(555)8654589
(555)8654541
(555)8653954
(555)8653933
(555)8653895
(555)8653549
(555)8653164
(555)8653158
(555)8651196
(555)8650455
(555)8649604
(555)8649344
(555)8649151
(555)8648951
(555)8648657
(555)8648380
(555)8648335
(555)8647003
(555)8645957
(555)8645951
(555)8645916
(555)8645650
(555)8645575
(555)8644651
(555)8644554
(555)8644311
(555)8643981
(555)8643757
(555)8643613
(555)8643033
(555)8641665
(555)8640906
(555)8640895
(555)8640755
(555)8640646
(555)8640163
(555)8634857
(555)8618755
(555)8610885
(555)8610630
(555)8604634
(555)8604571
(555)8603576
(555)8599870
(555)8598083
(555)8596885
(555)8596835
(555)8596579
(555)8591794
(555)8591184
(555)8590539
(555)8588739
(555)8588566
(555)8587618
(555)8587155
(555)8587079
(555)8586658
(555)8586565
(555)8585859
(555)8585145
(555)8585001
(555)8583537
(555)8580681
(555)8579546
(555)8579469
(555)8578559
(555)8578543
(555)8578538
(555)8577454
(555)8576561
(555)8576499
(555)8576431
(555)8575598
(555)8575518
(555)8575515
(555)8575483
(555)8575471
(555)8575439
(555)8575115
(555)8574730
(555)8574565
(555)8574551
(555)8574457
(555)8571895
(555)8571885
(555)8571736
(555)8571557
(555)8570961
(555)8570661
(555)8570557
(555)8570546
(555)8570088
(555)8570014
(555)8565651
(555)8565637
(555)8565593
(555)8564643
(555)8561975
(555)8559745
(555)8559653
(555)8558977
(555)8558305
(555)8558196
(555)8558184
(555)8557434
(555)8554955
(555)8554338
(555)8554054
(555)8553680
(555)8553537
(555)8553090
(555)8550057
(555)8549716
(555)8549465
(555)8547845
(555)8547547
(555)8545778
(555)8545444
(555)8545387
(555)8545155
(555)8544734
(555)8544578
(555)8544458
(555)8541447
(555)8541446
(555)8540645
(555)8540115
(555)8540055
(555)8540038
(555)8538554
(555)8537587
(555)8537513
(555)8536915
(555)8536454
(555)8535954
(555)8535843
(555)8535757
(555)8535641
(555)8535357
(555)8535163
(555)8534494
(555)8534461
(555)8534451
(555)8534008
(555)8533973
(555)8533670
(555)8533459
(555)8533305
(555)8533154
(555)8531599
(555)8530886
(555)8530835
(555)8530059
(555)8519867
(555)8518585
(555)8518550
(555)8518001
(555)8517943
(555)8517743
(555)8517405
(555)8516944
(555)8516586
(555)8515998
(555)8515959
(555)8515406
(555)8515404
(555)8515149
(555)8514681
(555)8514455
(555)8513055
(555)8511660
(555)8511345
(555)8500995
(555)8500371
(555)8500333
(555)8499754
(555)8499696
(555)8489453
(555)8489308
(555)8489176
(555)8489044
(555)8486959
(555)8485534
(555)8483703
(555)8481851
(555)8481189
(555)8480645
(555)8480636
(555)8480595
(555)8480353
(555)8479640
(555)8479611
(555)8479487
(555)8478557
(555)8478458
(555)8478456
(555)8477467
(555)8477075
(555)8477050
(555)8476536
(555)8476485
(555)8475497
(555)8475150
(555)8475005
(555)8474868
(555)8474795
(555)8474550
(555)8474496
(555)8473616
(555)8473111
(555)8473059
(555)8471793
(555)8471576
(555)8471140
(555)8470966
(555)8470857
(555)8470511
(555)8470053
(555)8469935
(555)8469590
(555)8468764
(555)8468697
(555)8468575
(555)8467913
(555)8467343
(555)8467191
(555)8466839
(555)8466519
(555)8466517
(555)8465777
(555)8465669
(555)8465440
(555)8465405
(555)8465333
(555)8464785
(555)8464597
(555)8464373
(555)8463941
(555)8463650
(555)8463600
(555)8461989
(555)8461841
(555)8461691
(555)8461033
(555)8460831
(555)8460575
(555)8460565
(555)8459633
(555)8459443
(555)8458815
(555)8458568
(555)8456155
(555)8455617
(555)8455609
(555)8455455
(555)8455155
(555)8453561
(555)8453351
(555)8449901
(555)8449900
(555)8449855
(555)8449175
(555)8449137
(555)8449133
(555)8448966
(555)8448588
(555)8448578
(555)8448559
(555)8448191
(555)8447854
(555)8446745
(555)8446444
(555)8446083
(555)8445980
(555)8445655
(555)8444696
(555)8444643
(555)8444355
(555)8443957
(555)8443751
(555)8443060
(555)8441835
(555)8441773
(555)8441740
(555)8440575
(555)8440174
(555)8438850
(555)8438194
(555)8438169
(555)8437964
(555)8436314
(555)8435864
(555)8435856
(555)8435807
(555)8435734
(555)8435681
(555)8435598
(555)8435565
(555)8435187
(555)8435155
(555)8435153
(555)8434863
(555)8434463
(555)8434333
(555)8433954
(555)8433896
(555)8433803
(555)8433751
(555)8433613
(555)8433610
(555)8433605
(555)8433593
(555)8433347
(555)8431831
(555)8419313
(555)8418383
(555)8415958
(555)8413855
(555)8411554
(555)8409051
(555)8408999
(555)8407098
(555)8404151
(555)8395538
(555)8391164
(555)8390058
(555)8385575
(555)8381487
(555)8380795
(555)8380583
(555)8375985
(555)8375956
(555)8375886
(555)8375785
(555)8364155
(555)8360899
(555)8358089
(555)8357897
(555)8356553
(555)8356108
(555)8355940
(555)8354568
(555)8354117
(555)8350471
(555)8349179
(555)8348175
(555)8347747
(555)8346493
(555)8346061
(555)8345975
(555)8345566
(555)8344615
(555)8343850
(555)8343150
(555)8339570
(555)8339550
(555)8339401
(555)8338805
(555)8337951
(555)8337540
(555)8336937
(555)8336755
(555)8335303
(555)8333894
(555)8333530
(555)8331350
(555)8331017
(555)8306044
(555)8304749
(555)8169550
(555)8168959
(555)8156909
(555)8149719
(555)8149557
(555)8145395
(555)8144466
(555)8143605
(555)8143180
(555)8141616
(555)8140407
(555)8137775
(555)8094918
(555)8063566
(555)7999044
(555)7998939
(555)7998655
(555)7997771
(555)7996998
(555)7996689
(555)7996156
(555)7996079
(555)7995814
(555)7995385
(555)7995310
(555)7994897
(555)7994886
(555)7993943
(555)7993838
(555)7993546
(555)7991875
(555)7991743
(555)7991734
(555)7991639
(555)7990540
(555)7990339
(555)7990318
(555)7988659
(555)7985979
(555)7980511
(555)7979053
(555)7974760
(555)7961785
(555)7961406
(555)7961314
(555)7960916
(555)7957937
(555)7956436
(555)7956018
(555)7955978
(555)7955859
(555)7955783
(555)7955640
(555)7955367
(555)7953537
(555)7953485
(555)7951835
(555)7951355
(555)7951350
(555)7951164
(555)7949004
(555)7939804
(555)7939599
(555)7939516
(555)7939030
(555)7936587
(555)7936301
(555)7935960
(555)7935893
(555)7935333
(555)7934387
(555)7933088
(555)7931450
(555)7930085
(555)7918935
(555)7918693
(555)7918079
(555)7913974
(555)7913465
(555)7911766
(555)7911643
(555)7911488
(555)7909571
(555)7908968
(555)7908763
(555)7905951
(555)7905899
(555)7905500
(555)7903933
(555)7903598
(555)7900896
(555)7900518
(555)7900110
(555)7897174
(555)7894348
(555)7890340
(555)7888557
(555)7886973
(555)7885809
(555)7883031
(555)7881789
(555)7881685
(555)7879317
(555)7878665
(555)7878019
(555)7877911
(555)7877588
(555)7875980
(555)7875615
(555)7875593
(555)7875585
(555)7875485
(555)7874589
(555)7873153
(555)7871959
(555)7871550
(555)7871340
(555)7871145
(555)7870169
(555)7869556
(555)7868750
(555)7868489
(555)7867959
(555)7867000
(555)7866864
(555)7865833
(555)7865759
(555)7865735
(555)7865596
(555)7865156
(555)7864951
(555)7864670
(555)7863635
(555)7861771
(555)7861148
(555)7861065
(555)7859808
(555)7859587
(555)7859444
(555)7859318
(555)7858770
(555)7858516
(555)7856935
(555)7856851
(555)7856575
(555)7856105
(555)7856003
(555)7855770
(555)7855158
(555)7855003
(555)7854983
(555)7854657
(555)7854465
(555)7854173
(555)7854065
(555)7853945
(555)7853800
(555)7853745
(555)7853386
(555)7853148
(555)7851945
(555)7851875
(555)7851514
(555)7849551
(555)7849131
(555)7848556
(555)7848047
(555)7846384
(555)7843885
(555)7843033
(555)7839410
(555)7836069
(555)7830800
(555)7830008
(555)7819449
(555)7819438
(555)7818961
(555)7817019
(555)7816388
(555)7815875
(555)7815489
(555)7814637
(555)7814571
(555)7814514
(555)7813383
(555)7813050
(555)7811585
(555)7810599
(555)7799554
(555)7799067
(555)7797814
(555)7797174
(555)7797083
(555)7795889
(555)7794944
(555)7794916
(555)7794405
(555)7793936
(555)7791897
(555)7791358
(555)7790787
(555)7790756
(555)7789313
(555)7787988
(555)7786640
(555)7785576
(555)7785571
(555)7785450
(555)7785348
(555)7785137
(555)7784366
(555)7781548
(555)7781548
(555)7781475
(555)7780563
(555)7780096
(555)7770330
(555)7769957
(555)7769706
(555)7768544
(555)7768419
(555)7768386
(555)7767703
(555)7767158
(555)7766368
(555)7766333
(555)7765889
(555)7765845
(555)7765785
(555)7765454
(555)7765341
(555)7765304
(555)7764761
(555)7764165
(555)7763456
(555)7763341
(555)7763087
(555)7761865
(555)7760775
(555)7759575
(555)7759471
(555)7759314
(555)7758561
(555)7758535
(555)7758004
(555)7757736
(555)7757575
(555)7757546
(555)7757174
(555)7757145
(555)7757068
(555)7756560
(555)7756445
(555)7755757
(555)7755754
(555)7754985
(555)7753856
(555)7753739
(555)7753619
(555)7751585
(555)7751474
(555)7751415
(555)7751376
(555)7749775
(555)7748988
(555)7747844
(555)7746707
(555)7744676
(555)7744564
(555)7744446
(555)7741956
(555)7735695
(555)7735693
(555)7735533
(555)7734646
(555)7731549
(555)7730638
(555)7730095
(555)7710655
(555)7685950
(555)7680417
(555)7677364
(555)7675585
(555)7669055
(555)7659147
(555)7657950
(555)7657884
(555)7657141
(555)7656088
(555)7656067
(555)7655654
(555)7653648
(555)7651931
(555)7651430
(555)7650475
(555)7649556
(555)7647767
(555)7647104
(555)7643985
(555)7643661
(555)7639631
(555)7639167
(555)7637811
(555)7637513
(555)7637055
(555)7636777
(555)7635569
(555)7633598
(555)7631538
(555)7630787
(555)7630566
(555)7599559
(555)7590985
(555)7590938
(555)7590758
(555)7589884
(555)7589451
(555)7588841
(555)7588414
(555)7586897
(555)7586567
(555)7585803
(555)7585734
(555)7585565
(555)7585351
(555)7585157
(555)7584585
(555)7575676
(555)7570989
(555)7569556
(555)7569554
(555)7569491
(555)7568996
(555)7568866
(555)7568161
(555)7567641
(555)7566688
(555)7566663
(555)7566406
(555)7566337
(555)7566195
(555)7566008
(555)7565596
(555)7565517
(555)7564914
(555)7563758
(555)7563698
(555)7563633
(555)7563607
(555)7563443
(555)7561685
(555)7561366
(555)7561345
(555)7560753
(555)7560585
(555)7560556
(555)7560534
(555)7560353
(555)7560349
(555)7560316
(555)7558815
(555)7558735
(555)7558390
(555)7553569
(555)7553515
(555)7551865
(555)7551670
(555)7550498
(555)7548358
(555)7544761
(555)7544709
(555)7535455
(555)7535177
(555)7534880
(555)7534648
(555)7534568
(555)7534559
(555)7534468
(555)7516977
(555)7515984
(555)7515890
(555)7515748
(555)7515675
(555)7513007
(555)7511597
(555)7481830
(555)7478844
(555)7478547
(555)7477988
(555)7475995
(555)7475409
(555)7473934
(555)7473053
(555)7468067
(555)7467336
(555)7466778
(555)7466197
(555)7466188
(555)7466040
(555)7465481
(555)7465471
(555)7464137
(555)7455806
(555)7455788
(555)7455763
(555)7455664
(555)7454797
(555)7454556
(555)7454470
(555)7453930
(555)7453851
(555)7453837
(555)7453835
(555)7453536
(555)7453364
(555)7453070
(555)7435595
(555)7435455
(555)7399965
(555)7398539
(555)7398496
(555)7398465
(555)7397855
(555)7397778
(555)7397571
(555)7396615
(555)7396566
(555)7396554
(555)7396197
(555)7395973
(555)7395968
(555)7395865
(555)7395786
(555)7394833
(555)7394771
(555)7394608
(555)7394066
(555)7393554
(555)7393519
(555)7391658
(555)7391430
(555)7390575
(555)7390147
(555)7389959
(555)7389641
(555)7389308
(555)7388634
(555)7388441
(555)7388083
(555)7388078
(555)7387655
(555)7387585
(555)7387543
(555)7387374
(555)7386575
(555)7385479
(555)7385176
(555)7385146
(555)7385144
(555)7384968
(555)7384716
(555)7384696
(555)7384595
(555)7384551
(555)7384494
(555)7384300
(555)7384163
(555)7384043
(555)7383966
(555)7383175
(555)7381889
(555)7380877
(555)7369653
(555)7369554
(555)7367856
(555)7367118
(555)7365650
(555)7365455
(555)7361855
(555)7360835
(555)7360833
(555)7360756
(555)7359875
(555)7359848
(555)7359745
(555)7359731
(555)7359649
(555)7359573
(555)7359535
(555)7359387
(555)7358937
(555)7358933
(555)7358865
(555)7358835
(555)7358664
(555)7358607
(555)7358591
(555)7358478
(555)7358317
(555)7358146
(555)7358058
(555)7357663
(555)7357589
(555)7357371
(555)7357356
(555)7357335
(555)7357310
(555)7357176
(555)7356701
(555)7356306
(555)7356170
(555)7355995
(555)7355954
(555)7355659